Beginning 
,65,66,67,68,69,78,79,80,85,86,87,88,89,90,91,44,45,46,47,48,53,57,58,59,60,61,62,63
,64,65,66,67,68,69,78,79,80,85,86,87,88,89,90,91,44,45,46,47,48,53,57,58,59,60,61,62,63
,84
,16,17,81,18,82,83,75,76,77,14,15
,16,81,17,82,18,83,75,76,77,14,15
,0,1,2,3,39,40,41,42,43,93
,0,1,2,3,39,40,41,42,43,93
,19,20,22,23,28
,19,20,22,23,28
,32,33,4,5,6,7,8,10,49,50,51,52,29,30,31
,32,33,4,5,6,7,8,10,49,50,51,52,29,30,31
,27
,35
,25
,74
,37
,24
,70
,34
,9
,36
,38
,72
,21
,92
,54,55,56
,54,55,56
,71
,73
,12
,26
,11