-3.746123652669974
-2.2232578074657017
-1.2885275496182202
-2.120781041254947
-1.6206008844465378
0.0
0.0
-2.4068518708505953
-1.4646898645504371
-2.335360048477118
-1.1630779552951185
-1.5428361520160223
-1.8058751659088754
-1.3423189732089964
-2.133399711982158
-2.5215889818370902
-1.7200368338805854
-2.2037748591273054
-2.366846139529276
-3.3734464580625607
-3.7836780045582357
-4.184485404631087
-4.676587104382233
-5.021255609730406
-5.580563728848528
-2.1800225853158386
-0.34102326289988505
-2.2159013466524136
-4.523652029931141
-1.7384807855279245
-0.5348706482681991
-1.8981897761092599
-0.23572212351306532
-1.6932835607100682
-0.52386280225594
-0.8916560314420348