-3.5209955429408977
-1.8794106169031177
-1.2358259836295915
-1.9898133021061295
-2.2934748343802607
0.0
0.0
-2.266841041740605
-1.4992595772983763
-2.293838051975446
-0.9686385628892833
-1.5255849293934907
-1.744661065694311
-1.2749184296616891
-2.57633826600851
-1.8769547366468118
-1.5418667534497155
-2.3607487079043947
-2.832947757131979
-3.8901334816961217
-4.002002392366514
-4.297898448207499
-4.97071665884049
-4.908707251099711
-5.660128370856013
-1.4704245135095155
-0.4461796126286064
-2.693353204417831
-3.5996622962204183
-1.7364930720352258
-0.46257563603510965
-2.1956707099351602
-0.07404993388787928
-2.924895148520652
-0.4766488562247124
-0.9653549931038297